100 50.000000
101 40.000000
102 30.000000
103 20.000000
104 10.000000
105 50.000000
106 40.000000
107 30.000000
108 20.000000
109 10.000000
110 50.000000
111 40.000000
112 30.000000
113 20.000000
114 10.000000
115 50.000000
116 40.000000
117 30.000000
118 20.000000
119 10.000000
120 50.000000
121 40.000000
122 30.000000
123 20.000000
124 10.000000
125 50.000000
126 40.000000
127 30.000000
128 20.000000
129 10.000000
130 50.000000
131 40.000000
132 30.000000
133 20.000000
134 10.000000
135 50.000000
136 40.000000
137 30.000000
138 20.000000
139 10.000000
